$ANSIBLE_VAULT;1.1;AES256
30616666653565616232333162636364373164636236663333346436343766643330333033303731
6636373262373333666662396430323866373965636364640a326566623039303062336463316231
38633634363038306362346539386162623135653031313864383536626536393165626332646161
3538343033363934320a363238663133616535633434633761646438323737373466323334396265
39613066373630633436326533636463633430653736313433333265653939333532666365613064
31636632343130333832366531343264343463316634363762336234363437376532343337346130
62633065646262306130666562356130623232666334366135303531333133616237393038353430
39353863663032623935343966623136633537353735653136636633316161623563666337333139
35316461373735653537656463323533643034373863316130363333613338363862366333646530
36363862636364626661363731336662303561616337653138383863393039616638653233336533
62653231623432366433363936353164383634383565383664356466366266636531633132626238
62643534346639386338653637356637376265393664656261346131316330386564383933636137
65313039616236646139326163643565663836346138393931653566356238323638366133376262
6433333531663861326339616134626463663661623365393563
